1 0.031252085697123407 0.56591796875 0.027330975105119136 0.8173828125
1 0.08020756857772142 0.5732421875 0.004905559634252153 0.8515625
1 0.11034172061669893 0.572265625 0.006574117332977375 0.830078125
1 0.0977441099913235 0.5693359375 0.0044717346325835955 0.82421875
1 0.19415337382366685 0.578125 0.013548688513648804 0.78125
1 0.2509844490422479 0.55517578125 0.035440165520923717 0.8447265625
1 0.3379496762998065 0.6025390625 0.0698791964226123 0.6953125
1 0.3993359140359074 0.5751953125 0.016785690449175734 0.78125
1 0.4649269171727959 0.5537109375 0.05472869251818728 0.818359375
1 0.544917573249683 0.5732421875 0.028899419341920845 0.75390625
1 0.6893479276513382 0.5595703125 0.0142828539010879 0.830078125
1 0.7129580190883001 0.5732421875 0.01291463658813322 0.8515625
1 0.740072081692585 0.564453125 0.01374891543749583 0.8515625
0 0.8538009744376961 0.5673828125 0.035173196289127684 0.80859375
